10 15 285 
10 45 285 
10 75 285 
10 75 255 
10 75 225 
10 75 195 
10 75 165 
10 75 135 
10 75 105 
10 75 75 
10 75 45 
10 75 15 
10 45 45 
10 45 75 
10 45 105 
10 45 135 
10 45 165 
10 45 195 
10 45 225 
10 45 255 
10 15 255 
10 15 225 
10 15 195 
10 15 165 
10 15 135 
10 15 105 
10 15 75 
10 15 45 
10 15 15 
10 45 15 
10 105 15 
10 135 15 
10 165 15 
10 195 15 
10 225 15 
10 255 15 
10 285 15 
10 315 15 
10 345 15 
10 375 15 
10 405 15 
10 435 15 
10 465 15 
10 495 15 
10 525 15 
10 555 15 
10 585 15 
10 615 15 
10 645 15 
10 675 15 
10 675 45 
10 705 45 
10 735 45 
10 765 45 
10 795 45 
10 825 45 
10 855 45 
10 885 45 
10 915 45 
10 915 15 
10 885 15 
10 855 15 
10 825 15 
10 795 15 
10 765 15 
10 735 15 
10 705 15 
10 645 45 
10 615 45 
10 585 45 
10 555 45 
10 525 45 
10 495 45 
10 465 45 
10 435 45 
10 405 45 
10 375 45 
10 345 45 
10 315 45 
10 285 45 
10 255 45 
10 225 45 
10 195 45 
10 165 45 
10 135 45 
10 105 45 
10 885 75 
10 885 105 
10 885 135 
10 885 165 
10 885 195 
10 885 225 
10 885 255 
10 885 285 
10 885 315 
10 885 345 
10 885 375 
10 885 405 
10 885 435 
10 885 465 
10 885 495 
10 885 525 
10 885 555 
10 915 555 
10 915 585 
10 915 615 
10 915 645 
10 915 675 
10 915 705 
10 915 735 
10 915 765 
10 915 525 
10 915 495 
10 915 465 
10 915 435 
10 915 405 
10 915 375 
10 915 345 
10 915 315 
10 915 285 
10 915 255 
10 915 225 
10 915 195 
10 915 165 
10 915 75 
10 915 105 
10 915 135 
10 885 585 
10 885 615 
10 885 645 
10 885 675 
10 885 705 
10 885 735 
10 885 765 
10 855 765 
10 825 765 
10 795 765 
10 765 765 
10 735 765 
10 705 765 
10 675 765 
10 645 765 
10 615 765 
10 585 765 
10 555 765 
10 525 765 
10 495 765 
10 465 765 
10 435 765 
10 405 765 
10 375 765 
10 345 765 
10 315 765 
10 285 765 
10 255 765 
10 225 765 
10 195 765 
10 165 765 
10 135 765 
10 105 765 
10 75 765 
10 45 765 
10 15 765 
10 15 735 
10 45 735 
10 75 735 
10 105 735 
10 135 735 
10 165 735 
10 195 735 
10 855 735 
10 825 735 
10 795 735 
10 765 735 
10 735 735 
10 705 735 
10 675 735 
10 645 735 
10 615 735 
10 585 735 
10 555 735 
10 525 735 
10 495 735 
10 465 735 
10 435 735 
10 405 735 
10 375 735 
10 345 735 
10 315 735 
10 285 735 
10 255 735 
10 225 735 
10 45 705 
10 75 705 
10 75 675 
10 75 645 
10 75 615 
10 75 585 
10 75 555 
10 75 525 
10 75 495 
10 45 495 
10 15 495 
10 45 525 
10 45 555 
10 15 585 
10 45 615 
10 45 645 
10 45 675 
10 15 705 
10 15 615 
10 45 585 
10 15 645 
10 15 555 
10 15 675 
10 15 525 
12 75 465 
12 75 435 
12 75 405 
12 75 375 
12 75 345 
12 75 315 
1 645 690 
