10 15 285 
10 15 315 
10 15 345 
10 255 435 
10 285 435 
10 255 465 
10 285 465 
10 45 285 
10 45 315 
10 45 345 
10 75 345 
10 75 315 
10 75 285 
10 105 285 
10 165 285 
10 225 285 
10 135 285 
10 195 285 
10 195 315 
10 165 345 
10 135 315 
10 105 345 
10 105 315 
10 135 345 
10 165 315 
10 225 345 
10 195 345 
10 225 315 
10 345 435 
10 315 435 
10 315 465 
10 345 465 
10 375 435 
10 375 465 
10 405 465 
10 405 435 
10 435 435 
10 435 465 
10 495 465 
10 465 435 
10 465 465 
10 495 435 
10 525 435 
10 525 465 
10 585 405 
10 585 435 
10 555 465 
10 555 435 
10 555 405 
10 585 465 
10 615 465 
10 615 405 
10 615 435 
10 645 405 
10 645 435 
10 645 465 
10 675 375 
10 675 405 
10 675 435 
10 675 465 
10 705 465 
10 705 405 
10 705 435 
10 705 375 
10 765 345 
10 735 375 
10 735 405 
10 795 345 
10 795 375 
10 765 375 
10 765 405 
10 765 435 
10 735 435 
10 735 465 
10 765 465 
10 795 465 
10 795 435 
10 795 405 
10 825 345 
10 825 405 
10 825 435 
10 825 465 
10 825 375 
10 915 345 
10 855 315 
10 855 345 
10 855 405 
10 855 435 
10 855 465 
10 855 375 
10 885 375 
10 915 315 
10 885 315 
10 885 345 
10 885 405 
10 885 435 
10 885 465 
10 915 375 
10 915 405 
10 915 435 
10 915 465 
10 375 195 
10 375 225 
10 405 225 
10 405 195 
10 525 165 
10 525 195 
10 555 195 
10 555 165 
10 585 165 
10 585 195 
10 435 195 
10 435 225 
12 255 285 
12 255 315 
12 255 345 
12 255 405 
12 255 375 
12 255 225 
12 255 255 
12 255 195 
2 675 45 
2 735 135 
2 825 75 
4 615 375 
4 825 315 
