10 105 345 
10 105 375 
10 105 405 
10 105 435 
10 105 465 
10 135 465 
10 15 345 
10 15 375 
10 15 405 
10 15 435 
10 15 465 
10 45 345 
10 45 375 
10 45 405 
10 45 435 
10 45 465 
10 75 465 
10 75 435 
10 75 405 
10 75 375 
10 75 345 
10 135 435 
10 135 405 
10 135 375 
10 135 345 
10 405 135 
10 165 345 
10 165 375 
10 255 135 
10 165 405 
10 165 435 
10 165 465 
10 195 465 
10 195 435 
10 195 405 
10 195 375 
10 195 345 
10 285 135 
10 375 105 
10 375 135 
10 345 135 
10 225 345 
10 225 375 
10 225 405 
10 225 435 
10 225 465 
10 435 105 
10 315 135 
10 345 375 
10 345 405 
10 345 435 
10 345 465 
10 375 465 
10 405 405 
10 375 375 
10 375 405 
10 375 435 
10 405 435 
10 405 465 
10 405 375 
10 255 105 
10 285 105 
10 315 105 
10 345 105 
10 405 105 
10 555 375 
10 555 405 
10 555 465 
10 525 375 
10 555 435 
10 525 405 
10 525 435 
10 525 465 
10 585 465 
10 585 405 
10 585 375 
10 585 435 
10 525 345 
10 555 345 
10 585 345 
10 705 315 
10 705 345 
10 705 375 
10 705 405 
10 705 435 
10 705 465 
10 735 465 
10 735 405 
10 735 345 
10 735 315 
10 735 375 
10 735 435 
10 765 315 
10 765 345 
10 765 375 
10 765 405 
10 765 435 
10 765 465 
10 885 285 
10 885 315 
10 885 345 
10 885 375 
10 885 405 
10 885 435 
10 885 465 
10 915 465 
10 915 435 
10 915 405 
10 915 375 
10 915 345 
10 915 315 
10 915 285 
10 945 285 
10 945 315 
10 945 345 
10 945 375 
10 945 435 
10 945 465 
10 945 405 
10 435 135 
10 495 105 
10 465 105 
10 465 135 
10 525 105 
10 525 135 
10 495 135 
10 555 105 
10 555 135 
10 615 135 
10 615 105 
10 585 105 
10 585 135 
10 645 135 
10 645 105 
10 675 105 
10 675 135 
10 705 135 
10 705 105 
10 735 105 
10 735 135 
10 795 135 
10 765 105 
10 765 135 
10 795 105 
10 825 105 
10 825 135 
10 855 105 
10 855 135 
12 225 285 
12 225 315 
12 225 255 
12 225 225 
12 225 195 
12 225 165 
12 225 135 
12 225 105 
5 585 315 
4 435 75 
4 525 75 
4 765 75 
3 945 255 
